Item;Smu1_V(1)(1);Smu1_I(1)(1);Smu1_R(1)(1);Smu1_Time(1)(1);
1;-0,75;-4,59886141470633E-05;16308,384765625;9,9921875;
2;-0,740000009536743;-3,52627794200089E-05;20985,30078125;20,0615234375;
3;-0,730000019073486;-3,36972661898471E-05;21663,478515625;30,1298828125;
4;-0,720000028610229;-3,25953187712003E-05;22089,0625;40,2001953125;
5;-0,709999978542328;-3,15680736093782E-05;22491,076171875;50,26953125;
6;-0,699999988079071;-3,09069000650197E-05;22648,6640625;60,3388671875;
7;-0,689999997615814;-3,02447424473939E-05;22813,8828125;70,4091796875;
8;-0,680000007152557;-2,9572658604593E-05;22994,212890625;80,4775390625;
9;-0,670000016689301;-2,89665749733103E-05;23130,107421875;90,5458984375;
10;-0,660000026226044;-2,83902973023942E-05;23247,380859375;100,6162109375;
11;-0,649999976158142;-2,7805004719994E-05;23377,0859375;110,6865234375;
12;-0,639999985694885;-2,72160414169775E-05;23515,54296875;120,7529296875;
13;-0,629999995231628;-2,65715989371529E-05;23709,525390625;130,8232421875;
14;-0,620000004768372;-2,59308053500718E-05;23909,78515625;140,8916015625;
15;-0,610000014305115;-2,52754780376563E-05;24134,064453125;150,9599609375;
16;-0,600000023841858;-2,46762465394568E-05;24314,8828125;161,029296875;
17;-0,589999973773956;-2,41166599153075E-05;24464,4140625;171,09765625;
18;-0,579999983310699;-2,34878243645653E-05;24693,64453125;181,1640625;
19;-0,569999992847443;-2,29175257118186E-05;24871,794921875;191,234375;
20;-0,560000002384186;-2,23168481170433E-05;25093,1484375;201,3046875;
21;-0,550000011920929;-2,18610020965571E-05;25158,95703125;211,373046875;
22;-0,540000021457672;-2,13589300983585E-05;25282,166015625;221,443359375;
23;-0,529999971389771;-2,07525754376547E-05;25538,998046875;231,51171875;
24;-0,519999980926514;-2,01656057470245E-05;25786,48046875;241,5810546875;
25;-0,509999990463257;-1,95907796296524E-05;26032,654296875;251,6494140625;
26;-0,5;-1,89883176062722E-05;26331,98046875;261,7197265625;
27;-0,490000009536743;-1,83851607289398E-05;26651,9296875;271,7890625;
28;-0,479999989271164;-1,78064638021169E-05;26956,501953125;281,8564453125;
29;-0,469999998807907;-1,72079398907954E-05;27312,97265625;291,9248046875;
30;-0,46000000834465;-1,6636862710584E-05;27649,443359375;301,994140625;
31;-0,449999988079071;-1,60678282554727E-05;28006,2734375;312,064453125;
32;-0,439999997615814;-1,5477038687095E-05;28429,2109375;322,1337890625;
33;-0,430000007152557;-1,48969365909579E-05;28864,99609375;332,203125;
34;-0,419999986886978;-1,42927419801708E-05;29385,54296875;342,2705078125;
35;-0,409999996423721;-1,37027845994453E-05;29920,92578125;352,3388671875;
36;-0,400000005960464;-1,30842281578225E-05;30571,158203125;362,408203125;
37;-0,389999985694885;-1,24707439681515E-05;31273,193359375;372,478515625;
38;-0,379999995231628;-1,18579118861817E-05;32046,11328125;382,5478515625;
39;-0,370000004768372;-1,12641037048888E-05;32847,7109375;392,6162109375;
40;-0,360000014305115;-1,06310535556986E-05;33863,0625;402,685546875;
41;-0,349999994039536;-1,01187133623171E-05;34589,37890625;422,8037109375;
42;-0,340000003576279;-9,45019019127358E-06;35978,11328125;432,87109375;
43;-0,330000013113022;-8,78315404406749E-06;37571,92578125;442,9384765625;
44;-0,319999992847443;-8,10590336186579E-06;39477,40234375;453,0078125;
45;-0,310000002384186;-7,41794701752951E-06;41790,5390625;463,076171875;
46;-0,300000011920929;-6,71436919219559E-06;44680,296875;473,1455078125;
47;-0,28999999165535;-6,0117299653939E-06;48239,0234375;483,2138671875;
48;-0,280000001192093;-5,26835492564715E-06;53147,51953125;493,2822265625;
49;-0,270000010728836;-4,50742572866147E-06;59901,15625;503,349609375;
50;-0,259999990463257;-3,72370459444937E-06;69822,9375;513,4189453125;
51;-0,25;-2,91861124424031E-06;85657,1796875;523,48828125;
52;-0,239999994635582;-2,0859308733634E-06;115056,5390625;533,556640625;
53;-0,230000004172325;-1,23480674574239E-06;186263,96875;543,6240234375;
54;-0,219999998807907;-5,86323437801184E-07;375219,53125;563,7421875;
55;-0,209999993443489;3,87712987048872E-07;-541637,75;573,8095703125;
56;-0,200000002980232;8,3621091562236E-07;-239174,109375;614,0029296875;
57;-0,189999997615814;1,9166614038113E-06;-99130,703125;624,072265625;
58;-0,180000007152557;3,01181012218876E-06;-59764,7265625;634,1396484375;
59;-0,170000001788139;4,12797407989274E-06;-41182,4296875;644,2080078125;
60;-0,159999996423721;5,27747215528507E-06;-30317,544921875;654,2763671875;
61;-0,150000005960464;6,45201362203807E-06;-23248,556640625;664,345703125;
62;-0,140000000596046;7,66270295571303E-06;-18270,31640625;674,4150390625;
63;-0,129999995231628;8,90607680048561E-06;-14596,7744140625;684,484375;
64;-0,119999997317791;1,01933983387426E-05;-11772,3251953125;694,5419921875;
65;-0,109999999403954;1,06875813798979E-05;-10292,3193359375;724,6904296875;
66;-0,100000001490116;1,21418179332977E-05;-8235,9990234375;734,759765625;
67;-0,0900000035762787;1,35549080368946E-05;-6639,66162109375;744,828125;
68;-0,0799999982118607;1,49309098560479E-05;-5358,01220703125;754,8955078125;
69;-0,0700000002980232;1,63259792316239E-05;-4287,64501953125;764,96484375;
70;-0,0599999986588955;1,77196525328327E-05;-3386,07080078125;775,033203125;
71;-0,0500000007450581;1,91044273378793E-05;-2617,1943359375;785,1015625;
72;-0,0399999991059303;2,04892130568624E-05;-1952,24670410156;795,1708984375;
73;-0,0299999993294477;2,1870810087421E-05;-1371,69128417969;805,2392578125;
74;-0,0199999995529652;2,32338625210105E-05;-860,8125;815,30859375;
75;-0,00999999977648258;2,45983483182499E-05;-406,531341552734;825,375;
76;0;2,59338721662061E-05;0;835,4423828125;
77;0,00999999977648258;2,72565048362594E-05;366,884887695313;845,51171875;
78;0,0199999995529652;2,85454552795272E-05;700,636901855469;855,580078125;
79;0,0299999993294477;2,98208433378022E-05;1006,00775146484;865,6494140625;
80;0,0399999991059303;3,10983814415522E-05;1286,24060058594;875,7177734375;
81;0,0500000007450581;3,23603417200502E-05;1545,10119628906;885,78515625;
82;0,0599999986588955;3,3586682548048E-05;1786,42236328125;895,853515625;
83;0,0700000002980232;3,48115354427136E-05;2010,82775878906;905,923828125;
84;0,0799999982118607;3,60582853318192E-05;2218,63012695313;915,994140625;
85;0,0900000035762787;3,73140501324087E-05;2411,96020507813;926,0625;
86;0,100000001490116;3,85414532502182E-05;2594,60888671875;936,1318359375;
87;0,109999999403954;3,98005795432255E-05;2763,77880859375;946,2021484375;
88;0,119999997317791;4,10512438975275E-05;2923,17578125;956,271484375;
89;0,129999995231628;4,23325473093428E-05;3070,92309570313;966,3388671875;
90;0,140000000596046;4,36629707110114E-05;3206,37817382813;976,408203125;
91;0,150000005960464;4,49815634055994E-05;3334,69970703125;986,4775390625;
92;0,159999996423721;4,62867465103045E-05;3456,712890625;996,544921875;
93;0,170000001788139;4,76186942250934E-05;3570,02661132813;1006,615234375;
94;0,180000007152557;4,90279817313422E-05;3671,373046875;1016,68359375;
95;0,189999997615814;5,03995215694886E-05;3769,876953125;1026,7529296875;
96;0,200000002980232;5,18428023497108E-05;3857,81616210938;1036,8212890625;
97;0,209999993443489;5,32838239450939E-05;3941,15844726563;1046,890625;
98;0,219999998807907;5,47649142390583E-05;4017,17041015625;1056,958984375;
99;0,230000004172325;5,62470231670886E-05;4089,10546875;1067,0283203125;
100;0,239999994635582;5,78049330215435E-05;4151,89453125;1077,09765625;
101;0,25;5,93780823692214E-05;4210,3076171875;1087,1669921875;
102;0,259999990463257;6,09151757089421E-05;4268,22998046875;1097,2353515625;
103;0,270000010728836;6,25115935690701E-05;4319,19921875;1107,3037109375;
104;0,280000001192093;6,41999795334414E-05;4361,3720703125;1117,373046875;
105;0,28999999165535;6,59085199004039E-05;4400,0380859375;1127,44140625;
106;0,300000011920929;6,7703949753195E-05;4431,05615234375;1137,51171875;
107;0,310000002384186;6,9529349275399E-05;4458,548828125;1147,58203125;
108;0,319999992847443;7,13862827979028E-05;4482,65380859375;1157,650390625;
109;0,330000013113022;7,33050765120424E-05;4501,73486328125;1167,71875;
110;0,340000003576279;7,52810374251567E-05;4516,40966796875;1177,7900390625;
111;0,349999994039536;7,73033534642309E-05;4527,6171875;1187,8603515625;
112;0,360000014305115;7,94073712313548E-05;4533,58447265625;1197,9267578125;
113;0,370000004768372;8,1568090536166E-05;4536,08740234375;1207,99609375;
114;0,379999995231628;8,37611660244875E-05;4536,70849609375;1218,0654296875;
115;0,389999985694885;8,60187283251435E-05;4533,89599609375;1228,1337890625;
116;0,400000005960464;8,83630928001367E-05;4526,77685546875;1238,203125;
117;0,409999996423721;9,07768844626844E-05;4516,568359375;1248,2705078125;
118;0,419999986886978;9,31966787902638E-05;4506,59814453125;1258,3388671875;
119;0,430000007152557;9,58947421167977E-05;4484,08349609375;1268,4091796875;
120;0,439999997615814;9,87675375654362E-05;4454,90478515625;1278,478515625;
121;0,449999988079071;0,000101782519777771;4421,19140625;1288,54296875;
122;0,46000000834465;0,00010304032912245;4464,271484375;1318,69140625;
123;0,469999998807907;0,000106936757219955;4395,12109375;1328,7607421875;
124;0,479999989271164;0,000110706052510068;4335,80615234375;1338,8291015625;
125;0,490000009536743;0,000114670307084452;4273,1201171875;1348,8984375;
126;0,5;0,000118758107419126;4210,23876953125;1358,966796875;
127;0,509999990463257;0,000122994984849356;4146,51025390625;1369,0341796875;
128;0,519999980926514;0,000127378531033173;4082,32055664063;1379,1015625;
129;0,529999971389771;0,00013183310511522;4020,234375;1389,1708984375;
130;0,540000021457672;0,000136610207846388;3952,8525390625;1399,240234375;
131;0,550000011920929;0,000141515673021786;3886,49536132813;1409,30859375;
132;0,560000002384186;0,000146582169691101;3820,3828125;1419,376953125;
133;0,569999992847443;0,000151492087752558;3762,57275390625;1429,443359375;
134;0,579999983310699;0,000156869224156253;3697,34716796875;1439,5126953125;
135;0,589999973773956;0,000162261203513481;3636,1123046875;1449,5810546875;
136;0,600000023841858;0,000167821504874155;3575,22729492188;1459,6494140625;
137;0,610000014305115;0,000173421416548081;3517,443359375;1469,71875;
138;0,620000004768372;0,000179262569872662;3458,61376953125;1479,7880859375;
139;0,629999995231628;0,000185241413419135;3400,96728515625;1489,8583984375;
140;0,639999985694885;0,000191104394616559;3348,95483398438;1499,9267578125;
141;0,649999976158142;0,000197241693967953;3295,44921875;1509,99609375;
142;0,660000026226044;0,000203374176635407;3245,25;1520,0634765625;
143;0,670000016689301;0,000209417616133578;3199,34887695313;1530,1328125;
144;0,680000007152557;0,000215961146750487;3148,71459960938;1540,201171875;
145;0,689999997615814;0,000222579430555925;3100,01684570313;1550,271484375;
146;0,699999988079071;0,000229201788897626;3054,07739257813;1560,3408203125;
147;0,709999978542328;0,00023605368915014;3007,79028320313;1570,408203125;
148;0,720000028610229;0,000242946232901886;2963,61889648438;1580,4765625;
149;0,730000019073486;0,000250117824180052;2918,62451171875;1590,54296875;
150;0,740000009536743;0,000257113308180124;2878,10864257813;1600,6123046875;
151;0,75;0,000264332047663629;2837,34033203125;1610,6806640625;
